#	Label	BJD_TDB	rel_flux_T1	rel_flux_err_T1	AIRMASS
1	KELT21Ab-0001I_calibrated.fit	2457624.535096	0.298031	0.000725	1.520665
2	KELT21Ab-0002I_calibrated.fit	2457624.536867	0.297417	0.000711	1.534430
3	KELT21Ab-0003I_calibrated.fit	2457624.538638	0.297157	0.000698	1.548639
4	KELT21Ab-0004I_calibrated.fit	2457624.540409	0.297616	0.000694	1.563308
5	KELT21Ab-0005I_calibrated.fit	2457624.542179	0.296785	0.000689	1.578454
6	KELT21Ab-0006I_calibrated.fit	2457624.543950	0.297585	0.000689	1.594094
7	KELT21Ab-0007I_calibrated.fit	2457624.545721	0.297474	0.000686	1.610246
8	KELT21Ab-0008I_calibrated.fit	2457624.547503	0.297822	0.000685	1.627042
9	KELT21Ab-0009I_calibrated.fit	2457624.549274	0.296879	0.000682	1.644285
10	KELT21Ab-0010I_calibrated.fit	2457624.551045	0.297665	0.000683	1.662102
11	KELT21Ab-0011I_calibrated.fit	2457624.552827	0.298141	0.000685	1.680641
12	KELT21Ab-0012I_calibrated.fit	2457624.554598	0.297530	0.000683	1.699685
13	KELT21Ab-0013I_calibrated.fit	2457624.556369	0.298110	0.000683	1.719378
14	KELT21Ab-0014I_calibrated.fit	2457624.558140	0.298153	0.000681	1.739748
15	KELT21Ab-0015I_calibrated.fit	2457624.559911	0.297631	0.000681	1.760824
16	KELT21Ab-0016I_calibrated.fit	2457624.561681	0.297949	0.000680	1.782638
17	KELT21Ab-0017I_calibrated.fit	2457624.563464	0.297488	0.000679	1.805372
18	KELT21Ab-0018I_calibrated.fit	2457624.565235	0.297384	0.000679	1.828766
19	KELT21Ab-0019I_calibrated.fit	2457624.567005	0.297978	0.000687	1.853003
20	KELT21Ab-0020I_calibrated.fit	2457624.568776	0.297863	0.000684	1.878122
21	KELT21Ab-0021I_calibrated.fit	2457624.570547	0.298004	0.000683	1.904166
22	KELT21Ab-0022I_calibrated.fit	2457624.572318	0.297740	0.000682	1.931180
23	KELT21Ab-0023I_calibrated.fit	2457624.574089	0.297793	0.000682	1.959211
24	KELT21Ab-0024I_calibrated.fit	2457624.575860	0.297256	0.000683	1.988312
25	KELT21Ab-0025I_calibrated.fit	2457624.577630	0.297327	0.000682	2.018538
26	KELT21Ab-0026I_calibrated.fit	2457624.579401	0.298092	0.000680	2.049947
27	KELT21Ab-0027I_calibrated.fit	2457624.581184	0.296968	0.000680	2.082820
28	KELT21Ab-0028I_calibrated.fit	2457624.582954	0.297926	0.000680	2.116800
29	KELT21Ab-0029I_calibrated.fit	2457624.584725	0.297999	0.000680	2.152167
30	KELT21Ab-0030I_calibrated.fit	2457624.586496	0.298092	0.000680	2.189002
31	KELT21Ab-0031I_calibrated.fit	2457624.588267	0.298096	0.000680	2.227388
32	KELT21Ab-0032I_calibrated.fit	2457624.590038	0.298309	0.000679	2.267418
33	KELT21Ab-0033I_calibrated.fit	2457624.591808	0.297351	0.000676	2.309189
34	KELT21Ab-0034I_calibrated.fit	2457624.593579	0.297630	0.000678	2.352809
35	KELT21Ab-0035I_calibrated.fit	2457624.595350	0.296594	0.000681	2.398394
36	KELT21Ab-0036I_calibrated.fit	2457624.597121	0.297250	0.000676	2.446070
37	KELT21Ab-0037I_calibrated.fit	2457624.598892	0.298236	0.000679	2.495973
38	KELT21Ab-0038I_calibrated.fit	2457624.600662	0.297835	0.000680	2.548253
39	KELT21Ab-0039I_calibrated.fit	2457624.602433	0.297890	0.000678	2.603072
40	KELT21Ab-0040I_calibrated.fit	2457624.604204	0.297402	0.000678	2.660608
41	KELT21Ab-0041I_calibrated.fit	2457624.605986	0.298402	0.000679	2.721461
42	KELT21Ab-0042I_calibrated.fit	2457624.607757	0.298315	0.000680	2.785055
43	KELT21Ab-0043I_calibrated.fit	2457624.609528	0.297541	0.000689	2.852011
44	KELT21Ab-0044I_calibrated.fit	2457624.611299	0.297993	0.000679	2.922588
45	KELT21Ab-0045I_calibrated.fit	2457624.613081	0.297377	0.000686	2.997573
46	KELT21Ab-0046I_calibrated.fit	2457624.614852	0.297347	0.000682	3.076311
47	KELT21Ab-0047I_calibrated.fit	2457624.616623	0.296890	0.000687	3.159626
48	KELT21Ab-0048I_calibrated.fit	2457624.618394	0.296644	0.000675	3.247912
49	KELT21Ab-0049I_calibrated.fit	2457624.620164	0.296369	0.000676	3.341604
50	KELT21Ab-0050I_calibrated.fit	2457624.621935	0.296508	0.000676	3.441193
51	KELT21Ab-0051I_calibrated.fit	2457624.623706	0.295172	0.000675	3.547227
52	KELT21Ab-0052I_calibrated.fit	2457624.625477	0.295575	0.000677	3.660325
53	KELT21Ab-0053I_calibrated.fit	2457624.627248	0.295423	0.000674	3.781185
54	KELT21Ab-0054I_calibrated.fit	2457624.629019	0.295507	0.000675	3.911119
55	KELT21Ab-0055I_calibrated.fit	2457624.630789	0.295730	0.000676	4.050656
56	KELT21Ab-0056I_calibrated.fit	2457624.632560	0.294852	0.000676	4.200826
57	KELT21Ab-0057I_calibrated.fit	2457624.634342	0.295458	0.000679	4.363944
58	KELT21Ab-0058I_calibrated.fit	2457624.636113	0.294386	0.000676	4.539302
59	KELT21Ab-0059I_calibrated.fit	2457624.637884	0.295204	0.000680	4.729549
60	KELT21Ab-0060I_calibrated.fit	2457624.639655	0.295134	0.000677	4.936582
61	KELT21Ab-0061I_calibrated.fit	2457624.641426	0.294488	0.000675	5.162631
62	KELT21Ab-0062I_calibrated.fit	2457624.643197	0.296043	0.000680	5.410320
63	KELT21Ab-0063I_calibrated.fit	2457624.644967	0.294958	0.000677	5.682766
64	KELT21Ab-0064I_calibrated.fit	2457624.646738	0.294545	0.000677	5.983690
65	KELT21Ab-0065I_calibrated.fit	2457624.648509	0.295499	0.000678	6.317564
66	KELT21Ab-0066I_calibrated.fit	2457624.650280	0.295000	0.000679	6.689808
67	KELT21Ab-0067I_calibrated.fit	2457624.652062	0.295268	0.000678	7.109934
68	KELT21Ab-0068I_calibrated.fit	2457624.653833	0.295283	0.000677	7.580706
69	KELT21Ab-0069I_calibrated.fit	2457624.655604	0.294157	0.000674	8.114913
70	KELT21Ab-0070I_calibrated.fit	2457624.657375	0.294257	0.000675	8.725530
71	KELT21Ab-0071I_calibrated.fit	2457624.659145	0.295189	0.000677	9.429486
72	KELT21Ab-0072I_calibrated.fit	2457624.660916	0.294167	0.000674	10.249930
73	KELT21Ab-0073I_calibrated.fit	2457624.662687	0.294557	0.000676	11.574374
74	KELT21Ab-0074I_calibrated.fit	2457624.664458	0.294795	0.000692	13.397726
75	KELT21Ab-0075I_calibrated.fit	2457624.666229	0.294257	0.000691	15.814559
76	KELT21Ab-0076I_calibrated.fit	2457624.667999	0.295094	0.000682	19.170450
77	KELT21Ab-0077I_calibrated.fit	2457624.669770	0.294639	0.000676	24.143899
78	KELT21Ab-0078I_calibrated.fit	2457624.671553	0.294716	0.000677	32.344572
79	KELT21Ab-0079I_calibrated.fit	2457624.673323	0.294934	0.000677	48.113651
80	KELT21Ab-0080I_calibrated.fit	2457624.675094	0.293936	0.000676	91.418005
81	KELT21Ab-0081I_calibrated.fit	2457624.676865	0.294259	0.000677	729.862511
82	KELT21Ab-0082I_calibrated.fit	2457624.678636	0.293698	0.000676	-1.000000
83	KELT21Ab-0083I_calibrated.fit	2457624.680407	0.294149	0.000678	-1.000000
84	KELT21Ab-0084I_calibrated.fit	2457624.682177	0.294785	0.000679	-1.000000
85	KELT21Ab-0085I_calibrated.fit	2457624.683948	0.294458	0.000678	-1.000000
86	KELT21Ab-0086I_calibrated.fit	2457624.685719	0.294239	0.000678	-1.000000
87	KELT21Ab-0087I_calibrated.fit	2457624.687490	0.295318	0.000682	-1.000000
88	KELT21Ab-0088I_calibrated.fit	2457624.689261	0.295069	0.000679	-1.000000
89	KELT21Ab-0089I_calibrated.fit	2457624.691032	0.295192	0.000679	-1.000000
90	KELT21Ab-0090I_calibrated.fit	2457624.692802	0.294542	0.000678	-1.000000
91	KELT21Ab-0091I_calibrated.fit	2457624.694585	0.295402	0.000678	-1.000000
92	KELT21Ab-0092I_calibrated.fit	2457624.696356	0.294114	0.000676	-1.000000
93	KELT21Ab-0093I_calibrated.fit	2457624.698126	0.293761	0.000678	-1.000000
94	KELT21Ab-0094I_calibrated.fit	2457624.699897	0.293976	0.000677	-1.000000
95	KELT21Ab-0095I_calibrated.fit	2457624.701668	0.295228	0.000679	-1.000000
96	KELT21Ab-0096I_calibrated.fit	2457624.703439	0.294579	0.000678	-1.000000
97	KELT21Ab-0097I_calibrated.fit	2457624.705210	0.294160	0.000678	-1.000000
98	KELT21Ab-0098I_calibrated.fit	2457624.706992	0.294618	0.000679	-1.000000
99	KELT21Ab-0099I_calibrated.fit	2457624.708763	0.294092	0.000678	-1.000000
100	KELT21Ab-0100I_calibrated.fit	2457624.710534	0.294281	0.000680	-1.000000
101	KELT21Ab-0101I_calibrated.fit	2457624.712304	0.294527	0.000680	-1.000000
102	KELT21Ab-0102I_calibrated.fit	2457624.714064	0.294579	0.000681	-1.000000
103	KELT21Ab-0103I_calibrated.fit	2457624.715834	0.294562	0.000681	-1.000000
104	KELT21Ab-0104I_calibrated.fit	2457624.717605	0.294352	0.000680	-1.000000
105	KELT21Ab-0105I_calibrated.fit	2457624.719376	0.295523	0.000682	-1.000000
106	KELT21Ab-0106I_calibrated.fit	2457624.721158	0.294131	0.000682	-1.000000
107	KELT21Ab-0107I_calibrated.fit	2457624.722929	0.295271	0.000685	-1.000000
108	KELT21Ab-0108I_calibrated.fit	2457624.724700	0.294197	0.000682	-1.000000
109	KELT21Ab-0109I_calibrated.fit	2457624.726471	0.294407	0.000683	-1.000000
110	KELT21Ab-0110I_calibrated.fit	2457624.728242	0.294792	0.000684	-1.000000
111	KELT21Ab-0111I_calibrated.fit	2457624.730012	0.294193	0.000684	-1.000000
112	KELT21Ab-0112I_calibrated.fit	2457624.731783	0.295009	0.000688	-1.000000
113	KELT21Ab-0113I_calibrated.fit	2457624.733554	0.294600	0.000687	-1.000000
114	KELT21Ab-0114I_calibrated.fit	2457624.735325	0.294536	0.000688	-1.000000
115	KELT21Ab-0115I_calibrated.fit	2457624.737096	0.294133	0.000686	-1.000000
116	KELT21Ab-0116I_calibrated.fit	2457624.738866	0.294920	0.000686	-1.000000
117	KELT21Ab-0117I_calibrated.fit	2457624.740637	0.295103	0.000687	-1.000000
118	KELT21Ab-0118I_calibrated.fit	2457624.742408	0.295933	0.000689	-1.000000
119	KELT21Ab-0119I_calibrated.fit	2457624.744179	0.294723	0.000688	-1.000000
120	KELT21Ab-0120I_calibrated.fit	2457624.745950	0.294869	0.000688	-1.000000
121	KELT21Ab-0121I_calibrated.fit	2457624.747721	0.294141	0.000687	-1.000000
122	KELT21Ab-0122I_calibrated.fit	2457624.749491	0.294857	0.000691	-1.000000
123	KELT21Ab-0123I_calibrated.fit	2457624.751262	0.295217	0.000694	-1.000000
124	KELT21Ab-0124I_calibrated.fit	2457624.753033	0.294236	0.000695	-1.000000
125	KELT21Ab-0125I_calibrated.fit	2457624.754804	0.295580	0.000697	-1.000000
126	KELT21Ab-0126I_calibrated.fit	2457624.756575	0.294849	0.000694	-1.000000
127	KELT21Ab-0127I_calibrated.fit	2457624.758345	0.294127	0.000691	-1.000000
128	KELT21Ab-0128I_calibrated.fit	2457624.760116	0.295030	0.000695	-1.000000
129	KELT21Ab-0129I_calibrated.fit	2457624.761887	0.294621	0.000695	-1.000000
130	KELT21Ab-0130I_calibrated.fit	2457624.763646	0.294603	0.000695	-1.000000
131	KELT21Ab-0131I_calibrated.fit	2457624.765429	0.295589	0.000697	-1.000000
132	KELT21Ab-0132I_calibrated.fit	2457624.767188	0.296327	0.000701	-1.000000
133	KELT21Ab-0133I_calibrated.fit	2457624.768959	0.296433	0.000701	-1.000000
134	KELT21Ab-0134I_calibrated.fit	2457624.770729	0.295563	0.000697	-1.000000
135	KELT21Ab-0135I_calibrated.fit	2457624.772500	0.296794	0.000700	-1.000000
136	KELT21Ab-0136I_calibrated.fit	2457624.774271	0.297500	0.000702	-1.000000
137	KELT21Ab-0137I_calibrated.fit	2457624.776042	0.296494	0.000700	-1.000000
138	KELT21Ab-0138I_calibrated.fit	2457624.777813	0.296978	0.000703	-1.000000
139	KELT21Ab-0139I_calibrated.fit	2457624.779595	0.297983	0.000704	-1.000000
140	KELT21Ab-0140I_calibrated.fit	2457624.781354	0.299098	0.000709	-1.000000
141	KELT21Ab-0141I_calibrated.fit	2457624.783125	0.298174	0.000708	-1.000000
142	KELT21Ab-0142I_calibrated.fit	2457624.784896	0.297664	0.000709	-1.000000
143	KELT21Ab-0143I_calibrated.fit	2457624.786667	0.298541	0.000709	-1.000000
144	KELT21Ab-0144I_calibrated.fit	2457624.788438	0.296967	0.000707	-1.000000
145	KELT21Ab-0145I_calibrated.fit	2457624.790208	0.297050	0.000711	-1.000000
146	KELT21Ab-0146I_calibrated.fit	2457624.791979	0.297216	0.000711	-1.000000
147	KELT21Ab-0147I_calibrated.fit	2457624.793750	0.297315	0.000711	-1.000000
148	KELT21Ab-0148I_calibrated.fit	2457624.795521	0.297636	0.000713	-1.000000
149	KELT21Ab-0149I_calibrated.fit	2457624.797292	0.297823	0.000714	-1.000000
150	KELT21Ab-0150I_calibrated.fit	2457624.799062	0.297552	0.000712	-1.000000
151	KELT21Ab-0151I_calibrated.fit	2457624.800833	0.298436	0.000714	-1.000000
152	KELT21Ab-0152I_calibrated.fit	2457624.802604	0.298353	0.000717	-1.000000
153	KELT21Ab-0153I_calibrated.fit	2457624.804375	0.297018	0.000714	-1.000000
154	KELT21Ab-0154I_calibrated.fit	2457624.806157	0.297086	0.000716	-1.000000
155	KELT21Ab-0155I_calibrated.fit	2457624.807940	0.298087	0.000718	-1.000000
156	KELT21Ab-0156I_calibrated.fit	2457624.809710	0.297556	0.000721	-1.000000
157	KELT21Ab-0157I_calibrated.fit	2457624.811481	0.297734	0.000726	-1.000000
158	KELT21Ab-0158I_calibrated.fit	2457624.813252	0.298032	0.000726	-1.000000
159	KELT21Ab-0159I_calibrated.fit	2457624.815023	0.297944	0.000729	-1.000000
160	KELT21Ab-0160I_calibrated.fit	2457624.816794	0.298933	0.000730	-1.000000
161	KELT21Ab-0161I_calibrated.fit	2457624.818564	0.298714	0.000732	-1.000000
162	KELT21Ab-0162I_calibrated.fit	2457624.820335	0.297185	0.000733	-1.000000
163	KELT21Ab-0163I_calibrated.fit	2457624.822106	0.297972	0.000733	-1.000000
164	KELT21Ab-0164I_calibrated.fit	2457624.823877	0.296714	0.000731	-1.000000
165	KELT21Ab-0165I_calibrated.fit	2457624.825648	0.299091	0.000737	-1.000000
166	KELT21Ab-0166I_calibrated.fit	2457624.827418	0.298023	0.000738	-1.000000
